ESPAÑA 7.036.935 2.775.016 50.628 53.986 34.707 437.151 1.535.287 500.854 12.424.563
GRAN_BRETAÑA 288.770 1.492.237 3.332.025 2.407.835 324.489 121.909 5.880.133 86.864 13.934.261
HOLANDA 431.297 3.248.385 1.967 6.362 4.426.765 7.289 537.429 106.529 8.766.023
ALEMANIA 33.542 914.020 18.627 54.515 2.712.598 112.147 626.939 229.449 4.701.835
ESTADOS_UNIDOS 28.187 178.285 540 114.420 182.814 9.159 1.087.396 34.218 1.635.019
BELGICA. 53.146 1.293.629 2.954 13.217 180.479 5.010 25.045 2.862 1.576.340
SUECIA 15.818 9.071 0 153.976 65.113 27.481 156.706 368 428.531
CANADA 473 27.189 11.453 3.555 71.924 995 223.120 3.782 342.488
DINAMARCA 1.419 58.271 437 6.278 50.430 35.643 59.522 16.235 228.232
JAPON 31.424 89.487 630 8.552 4.500 8.700 8.568 6.760 158.620
FINLANDIA 4.127 25.137 45 10.994 61.635 50.432 80.388 1.776 234.533
OTROS 78.932 523.039 54.848 95.300 271.995 53.611 392.357 132.360 1.602.442