España 7.206.044 2.765.122 61.409 540.243 39.920 61.176 1.276.860 31.541 526.587 220.283 12.729.185
Gran_Bretaña 260.807 1.387.627 2.140.576 118.604 3.124.415 373.425 5.160.079 10.303 28.095 44.465 12.648.394
Holanda 232.074 3.027.547 11.909 11.018 6.002 4.459.222 538.527 9.363 51.550 653.001 9.000.212
Alemania 40.706 1.052.119 61.300 625.701 3.035 3.122.025 254.674 11.813 116.413 39.253 5.327.038
Estados_Unidos 42.139 240.907 182.788 28.827 540 268.434 906.429 3.341 15.937 17.943 1.707.284
Bélgica 71.393 1.259.627 10.262 7.675 158 156.947 23.743 540 2.992 1.485 1.534.819
Francia 23.729 211.549 26.646 8.366 9 222.095 49.070 1.953 16.065 7.127 566.608
Suecia 12.321 11.236 155.172 32.483 0 62.143 138.212 27 841 171 412.604
Canadá 1.332 34.817 1.548 4.203 16.029 89.078 220.725 18 2.192 5.801 375.741
Dinamarca 1.346 66.353 10.038 19.584 113 95.759 100.170 1.502 7.979 1.707 304.548
Irlanda 1.049 10.709 65.510 592 18.630 63 130.390 0 1.197 124 228.263
Otros 78.375 595.540 130.204 126.102 6.767 229.255 353.832 16.476 82.824 16.566 1.635.941