España 6.914.706 2.682.003 83.045 450.901 10.461 119.809 998.318 554.554 404.348 12.218.146
Gran_Bretaña 302.400 1.433.577 1.993.692 120.819 3.076.817 354.160 4.376.069 23.142 54.378 11.735.055
Holanda 190.324 2.829.386 14.441 10.554 683 3.818.851 599.330 29.352 230.036 7.722.956
Alemania 34.034 953.479 57.654 536.718 2.894 2.348.529 239.530 102.577 40.150 4.315.564
Estados_Unidos 35.120 131.074 146.305 22.002 3.645 190.391 861.503 13.443 11.144 1.414.624
Bélgica 63.042 825.789 10.263 3.776 117 114.072 17.972 1.701 40.391 1.077.121
Francia 55.085 389.249 31.199 9.515 60 426.546 68.031 30.985 7.253 1.017.921
Suecia 10.809 8.375 145.699 29.782 0 53.255 132.309 550 684 381.461
Canadá 2.858 25.877 4.104 3.267 14.045 74.786 188.663 4.440 12.248 330.285
Irlanda 1.389 29.096 68.467 3.980 22.365 3.668 132.369 1.143 135 262.611
Dinamarca 2.693 72.684 7.513 36.533 45 49.583 72.952 11.088 1.980 255.069
Otros 90.541 623.556 188.031 137.322 6.579 190.320 358.889 79.882 22.660 1.696.770