España 6.883.637 2.446.373 77.529 434.241 45.317 49.689 914.099 567.991 400.935 11.819.811
Gran_Bretaña 297.133 1.396.692 1.515.860 124.151 2.901.792 763.671 4.976.697 28.510 50.024 12.054.528
Holanda 148.617 2.824.787 24.536 3.400 6.458 4.092.840 768.767 32.274 62.118 7.963.795
Alemania 34.748 886.685 53.312 177.937 4.745 2.279.746 332.025 65.347 28.426 3.862.972
Estados_Unidos 38.313 185.127 216.297 29.934 3.273 119.444 879.872 17.551 17.554 1.507.364
Bélgica 43.166 788.619 6.711 4.844 0 95.378 5.231 1.061 10.770 955.778
Francia 57.885 309.975 26.918 8.299 0 339.024 45.565 19.456 11.018 818.139
Suecia 9.405 8.312 58.179 6.898 0 144.498 99.771 1.400 425 328.886
Canadá 4.539 22.103 3.031 4.191 12.371 80.600 207.828 9.431 20.085 364.177
Irlanda 1.295 10.212 48.146 653 16.043 59 131.288 1.537 66 209.298
Dinamarca 2.165 62.231 9.421 14.438 90 32.071 75.125 8.018 1.342 204.899
Otros 81.894 521.824 115.025 86.506 11.541 205.487 369.311 95.880 34.223 1.521.690