España 6.530.538 2.510.963 82.240 416.622 40.362 81.321 941.749 587.371 420.589
Gran_Bretaña 260.681 1.243.501 897.409 108.684 2.642.730 1.152.300 4.491.033 51.938 185.590
Holanda 139.671 2.214.425 26.056 2.711 5.108 3.230.152 613.351 32.878 129.884
Alemania 34.814 797.752 82.486 12.607 4.697 2.361.025 196.473 81.954 11.494
Estados_Unidos 50.477 229.428 234.662 21.278 689 166.998 787.643 18.998 10.004
Bélgica 45.350 762.431 7.692 3.688 18 95.073 9.358 3.019 1.377
Francia 52.095 296.545 31.470 8.449 473 352.272 49.565 23.436 10.689
Canadá 2.277 21.671 871 654 12.929 71.361 216.948 2.592 14.668
Suecia 16.283 9.999 1.179 3.320 0 202.376 79.884 2.079 2.727
Dinamarca 1.559 62.930 9.890 34.308 90 31.946 69.231 9.327 1.491
Japón 45.359 101.678 12.067 16.417 842 10.688 14.158 9.162 8.539
Irlanda 645 9.378 21.642 394 18.068 28.181 109.887 654 236
Otros 41.190 386.052 116.376 56.752 6.683 264.767 278.719 105.907 21.449
