España 6.506.220 2.431.962 81.536 405.861 43.382 81.377 961.061 574.585 406.039
Gran_Bretaña 270.841 1.163.857 67.559 53.370 2.661.890 1.392.061 4.308.507 57.400 279.833
Holanda 128.980 2.213.963 18.940 3.035 2 3.122.333 612.437 40.931 170.115
Alemania 30.643 744.933 48.734 8.491 4.372 2.315.716 109.184 70.563 8.848
Estados_Unidos 49.976 201.588 51.777 21.223 549 302.930 812.580 22.429 9.683
Bélgica 37.607 664.641 4.274 2.366 91 76.001 5.603 2.084 1.329
Francia 37.202 261.638 37.256 11.789 2 299.060 52.342 18.999 8.017
Canadá 4.903 20.693 6.278 5.784 12.051 72.252 170.540 1.831 17.512
Suecia 12.366 11.958 594 4.293 0 169.545 70.665 1.665 2.961
Dinamarca 1.013 11.156 33.827 905 12.420 3.211 111.677 1.372 348
Japón 1.995 47.289 7.321 9.384 113 36.750 45.272 13.488 2.401
Irlanda 36.293 59.109 9.817 7.796 1.350 7.101 5.558 5.384 4.840
Otros 50.142 350.335 45.905 48.033 6.272 231.060 298.127 135.990 26.589
