España 6.364.764 2.506.750 92.308 402.090 41.673 144.120 1.032.768 623.362 313.906
Gran_Bretaña 289.653 1.197.431 113.038 90.158 2.310.780 1.347.804 4.297.197 93.612 228.243
Holanda 114.542 2.334.454 12.340 4.533 9 3.343.243 782.091 53.678 26.745
Alemania 29.003 647.349 5.927 8.321 2.725 1.861.879 140.070 78.620 11.079
Estados_Unidos 50.068 202.467 28.026 24.391 563 313.072 765.994 27.653 13.613
Bélgica 39.434 641.104 2.105 2.216 45 66.983 4.595 3.929 1.174
Francia 20.136 154.254 52.635 17.842 0 293.901 37.507 22.561 11.495
Canadá 5.172 20.467 3.983 1.058 11.970 84.065 236.260 1.702 16.993
Suecia 15.961 13.090 5.613 3.218 0 172.104 82.728 1.247 1.670
Irlanda 1.128 8.553 45.709 623 14.265 1.931 106.169 1.586 234
Japón 40.232 67.267 11.450 9.027 4.815 10.826 11.586 6.051 4.779
Finlandia 6.814 10.361 1.625 3.592 464 89.564 42.237 466 68
Dinamarca 1.928 46.376 3.466 3.724 135 36.437 44.847 10.026 1.679
Otros 30.003 251.976 24.954 27.220 15.515 160.611 153.528 98.844 12.947