España 6.558.350 2.519.114 113.296 420.346 45.797 297 48.650 355.956 1.301.874 606.284 39.201 13.367 12.022.533
Gran_Bretaña 240.371 1.121.085 135.497 102.933 20.572 212.154 2.409.117 1.267.838 4.343.916 66.543 8.567 0 9.928.593
Holanda 82.681 2.095.753 1.247 2.510 227 6.143 0 2.903.874 576.055 43.004 2.296 0 5.713.788
Alemania 33.798 501.334 91.146 10.638 1.207 1 2.657 1.429.844 156.552 76.851 6.921 0 2.310.947
Estados_Unidos 63.894 172.003 28.477 24.818 4.080 0 2.520 302.178 626.447 21.690 3.763 0 1.249.869
Bélgica 33.828 629.993 2.404 2.393 539 0 2 52.750 5.858 3.577 441 0 731.784
Francia 19.631 183.988 42.216 15.079 9.174 0 0 376.337 28.580 17.218 1.062 0 693.283
Canadá 7.989 22.685 5.310 3.267 500 17.145 11.808 79.153 101.808 2.012 410 0 252.086
Suecia 14.607 11.138 5.501 2.831 674 0 0 123.075 20.759 1.619 18 0 180.220
Dinamarca 2.028 43.900 2.652 11.054 234 0 45 42.400 63.806 9.213 720 0 176.051
Finlandia 5.148 16.772 1.958 2.608 113 0 0 81.585 43.665 96 0 0 151.944
Japón 35.177 53.241 10.502 9.125 854 0 1.143 7.527 6.530 5.471 6.074 0 135.641
Irlanda 797 10.758 37.529 617 134 0 10.868 419 29.999 978 59 0 92.155
Otros 28.725 267.545 26.024 26.898 3.458 150 7.691 135.322 126.540 117.324 7.913 36 747.625