ESPAÑA 6.571.381 2.415.381 132.261 460.284 56.786 419 46.063 198.261 1.338.756 38.273 627.417 11.885.282
GRAN_BRETAÑA 232.491 919.377 160.858 119.739 26.867 189.986 2.124.971 1.247.495 4.230.676 11.336 74.078 9.337.871
HOLANDA 63.791 1.655.950 3.935 2.144 355 3.308 6.000 2.599.465 450.858 2.205 42.266 4.830.274
ALEMANIA 19.051 410.349 27.411 11.381 1.907 172 1.835 1.223.431 112.995 6.961 41.845 1.857.337
ESTADOS_UNIDOS 52.450 194.771 35.082 23.005 3.227 0 0 325.890 574.469 5.208 18.144 1.232.246
BELGICA 37.113 690.689 2.788 2.903 710 0 45 66.127 11.477 585 3.383 815.818
FRANCIA 18.783 182.100 52.784 17.613 10.107 0 0 501.215 28.839 5.442 18.919 835.801
CANADA 4.725 24.177 5.177 4.094 530 15.525 7.335 88.569 118.649 200 1.132 270.112
SUECIA 17.801 11.349 4.937 7.996 1.277 0 0 121.072 11.515 107 1.287 177.341
DINAMARCA 2.192 53.584 3.138 5.663 426 0 0 37.667 47.165 1.175 10.665 161.675
FINLANDIA 2.763 2.459 378 1.984 563 0 0 72.464 34.920 0 159 115.689
JAPON 33.869 53.870 12.387 9.129 2.501 0 1.080 2.820 5.364 4.698 7.400 133.118
IRLANDA 1.271 11.652 38.317 785 127 0 11.903 398 1.796 95 1.256 67.598
OTROS 42.631 301.155 30.125 23.184 4.219 3.402 12.805 165.399 116.582 6.974 139.498 845.974