ESPAÑA 6.559.958 2.342.544 134.374 455.194 56.802 386 37.593 193.980 1.375.152 41.166 591.959 11.789.108
GRAN_BRETAÑA 191.312 912.331 117.872 73.398 21.730 146.541 2.099.540 1.100.941 3.701.182 2.244 96.387 8.463.478
HOLANDA 51.827 1.433.101 1.036 1.496 102 4.725 5 2.204.359 426.481 999 42.346 4.166.477
ALEMANIA 21.130 409.311 7.251 11.664 1.199 225 2.330 1.203.365 55.100 6.611 44.776 1.762.962
ESTADOS_UNIDOS 56.167 177.012 30.028 22.357 3.077 0 0 233.857 688.953 7.124 24.226 1.242.801
BELGICA 31.265 626.066 2.871 2.211 528 0 0 56.950 19.314 333 8.430 747.968
FRANCIA 22.613 194.638 58.046 23.351 9.496 0 180 482.754 28.295 1.896 20.852 842.121
CANADA 8.958 21.965 3.655 1.145 132 15.525 7.020 69.530 96.500 432 826 225.688
JAPON 43.755 63.585 12.323 13.508 1.170 0 1.688 8.093 9.436 5.013 8.255 166.826
SUECIA 12.717 10.085 3.015 6.057 257 0 0 100.964 10.541 36 569 144.241
DINAMARCA 2.522 36.680 1.602 7.791 617 0 45 34.691 36.963 1.431 8.184 130.526
FINLANDIA 2.699 2.582 540 2.695 486 0 527 71.271 36.711 0 23 117.534
IRLANDA 1.012 11.379 37.285 542 188 0 13.041 405 222 10 1.185 65.269
OTROS 43.777 288.066 26.656 35.701 6.838 270 8.821 145.192 92.100 8.843 128.686 785.978