ESPAÑA 6.477.188 2.193.951 137.852 448.028 57.811 246 29.445 142.307 1.385.877 568.479 38.356 56.124 11.535.664
REINO_UNIDO 175.191 910.926 78.120 61.429 22.454 127.380 1.991.985 1.209.958 3.502.034 98.783 1.523 0 8.179.783
HOLANDA 59.467 1.477.639 1.339 968 232 2.453 0 2.351.566 730.711 43.667 1.283 0 4.669.325
ALEMANIA 31.349 380.893 9.894 10.077 1.861 171 1.645 1.136.966 73.014 58.974 4.349 90 1.709.283
ESTADOS_UNIDOS 61.824 138.143 32.341 21.742 4.007 0 0 270.827 504.389 29.334 2.317 0 1.064.924
BELGICA 31.818 595.880 1.830 2.151 607 0 0 59.679 11.654 1.811 230 0 705.660
FRANCIA 25.332 185.957 60.771 20.382 10.978 0 135 494.897 34.329 29.157 689 0 862.627
CANADA 7.513 25.001 4.154 1.129 519 18.900 10.701 63.603 122.157 1.264 486 0 255.427
SUECIA 14.160 13.551 3.375 7.450 221 0 96 109.008 11.702 3.438 270 0 163.271
JAPON 35.324 63.687 12.346 14.498 1.409 0 1.539 7.735 10.065 7.551 3.969 450 158.573
DINAMARCA 2.965 46.108 1.958 5.960 478 0 0 31.987 45.767 10.192 563 150 146.128
FINLANDIA 4.919 3.542 0 3.398 0 0 0 65.588 32.085 248 180 0 109.960
IRLANDA 1.071 8.988 282 584 135 0 7.245 43.254 158 1.242 32 0 62.991
OTROS 41.098 335.768 24.883 36.165 5.504 30 7.968 168.759 189.883 166.219 9.629 0 985.906