ESPAÑA 4.942.640 1.773.518 120.261 54.570 400.608 360 16.776 100.349 1.263.922 82.829 39.612 507.276 9.302.719
REINO_UNIDO 206.481 959.676 116.376 35.541 55.253 126.218 2.492.669 1.165.818 4.257.357 282 1.499 150.259 9.567.427
HOLANDA 57.034 1.279.039 1.380 295 2.610 1.553 0 1.579.458 519.939 0 1.121 37.510 3.479.938
ALEMANIA 22.122 293.606 14.542 1.958 9.140 216 1.485 1.074.958 66.956 6 4.464 40.961 1.530.413
ESTADOS_UNIDOS 44.090 190.019 54.801 2.705 20.328 0 0 241.778 519.658 0 2.169 21.949 1.097.496
BÉLGICA 37.990 661.434 2.363 656 2.481 0 90 58.489 30.950 0 279 1.674 796.405
FRANCIA 7.667 163.917 19.166 2.384 7.409 0 36 478.463 12.464 4 559 8.251 700.319
CANADÁ 4.256 16.709 7.196 84 961 19.224 4.824 72.905 175.226 0 0 1.415 302.799
DINAMARCA 1.910 57.960 1.779 775 10.506 0 0 29.160 38.471 0 293 5.631 146.485
SUECIA 12.015 11.196 633 519 4.051 0 0 103.082 8.109 0 329 1.701 141.633
JAPON 22.940 51.150 10.829 1.002 9.824 0 720 13.334 9.347 36 2.517 8.505 130.204
FINLANDIA 3.056 5.220 49 501 2.715 0 0 65.903 29.925 0 0 23 107.390
IRLANDA 1.553 10.772 696 101 560 0 9.108 44.627 615 0 41 2.294 70.364
OTROS 48.682 276.298 26.522 6.521 27.734 90 3.767 150.579 83.155 0 9.702 117.998 751.047